0.235700
337.892810
75.646147
75.059721
67.685678
62.575982
66.707399
63.969391
62.075882
62.292825
66.898354
65.861319
61.816680
63.224326
63.152012
63.241953
61.275225
65.377942
62.090119
60.420332
70.143466
65.927984
66.347408
67.012927
66.916885
59.517305
61.672277
53.551360
51.574237
56.484842
55.511083
50.430538
62.495984
64.337291
59.400020
50.389636
53.698701
60.556148
56.497272
57.456794
56.388122
55.333460
52.701213
55.987228
59.232115
50.972219
50.016764
58.971557
60.539877
58.404340
54.803531
61.735326
62.186161
51.614236
54.966690
50.337208
56.689131
58.605465
56.320101
55.677858
56.680318
54.889404
59.970175
61.400419
58.189430
55.349957
59.486797
57.455664
60.448128
58.024689
57.735205
54.498228
53.810789
54.711330
54.249195
57.777238
59.420585
56.399195
59.141270
53.192952
54.358797
52.105749
51.822140
60.176497
54.230212
52.585058
59.658092
57.376118
41.544218
56.972287
58.244796
55.867910
51.790955
58.977432
55.419786
61.510021
60.752979
57.262223
59.749615
63.708833
58.335867
52.939625
55.101376
54.509753
53.193630
52.718388
48.278505
61.653972
51.517515
57.442557
52.164278
54.509301
56.402133
59.739446
58.816081
59.057430
55.682152
56.061577
64.575477
55.946100
58.746930
58.908508
53.980050
51.536950
54.019145
56.647776
62.248081
52.822792
59.419229
54.721273
63.238337
62.368756
63.876739
70.115896
60.138532
56.622918
63.257998
60.926534
64.481242
52.613080
55.338432
50.918435
57.100646
60.519313
58.848396
56.013442
57.972713
64.370963
54.058918
61.467310
54.918330
53.050808
54.705228
55.723281
59.162512
58.900598
53.209222
46.787922
48.509233
62.216669
61.135116
56.054571
60.417620
62.603552
50.894029
55.141601
56.857940
61.109128
62.084469
51.756831
53.738022
57.043020
56.146094
59.441601
64.804398
60.956137
56.816585
63.742053
48.892274
58.379482
58.000961
63.066364
61.235000
58.615860
60.983255
53.489215
55.980675
56.116717
57.043472
56.640771
62.747051
60.969696
51.708697
59.790066
60.539425
59.964525
59.506910
68.174931
57.060873
56.099090
56.051860
63.995605
57.227422
57.555323
52.620537
50.590986
59.341039
60.689252
66.282777
57.964352
58.987828
61.610357
62.084017
61.376465
58.095648
62.675414
56.177280
57.129797
56.914436
66.992589
52.905728
54.336876
65.449127
52.365177
56.579755
58.465807
65.358281
56.062255
55.216175
54.936861
59.658544
62.648974
63.766911
56.525971
62.727842
59.691086
62.236556
63.878546
55.546562
57.532273
58.153047
55.710400
63.098454
64.675588
59.374484
55.546110
58.671678
57.412050
54.770537
54.396536
64.991059
52.366533
59.300362
61.091953
61.690807
58.553715
57.784017
57.833734
52.661214
49.879592
63.416412
64.258875
53.338033
62.974841
55.531421
57.699952
62.846483
60.103052
61.109580
59.761818
62.888968
57.671704
65.904256
59.193246
57.572723
59.997067
64.116506
63.841485
53.352721
55.818871
62.822303
61.392962
59.323638
56.479419
59.899668
56.525745
60.848570
58.404114
57.950793
62.020742
56.738395
54.218913
57.667862
57.910342
56.448459
55.931637
60.632530
59.149857
62.666149
57.665828
60.950940
56.180218
61.338048
60.168813
61.609454
55.537297
57.541764
60.902127
54.022082
54.554724
59.643404
55.340918
50.700136
57.685489
64.101817
53.122445
55.889152
54.062985
57.577695
55.434475
61.191611
62.009443
59.982152
59.795490
62.695301
54.010331
63.979109
62.615529
56.269029
57.865597
61.430701
62.039273
55.281484
56.227448
63.060489
60.665524
60.544849
54.257330
54.626360
52.169476
62.152490
53.659380
53.859827
44.297140
52.275914
51.310515
58.402532
63.270201
60.537843
51.645874
58.896079
59.217200
52.020101
51.593446
60.885179
55.060925
59.658318
57.944917
53.839940
54.886014
56.587213
50.563416
59.041159
56.894549
54.346368
59.476176
65.214104
59.773118
52.487659
53.266170
53.860505
58.193724
49.686829
61.625950
61.466858
50.792337
61.453299
60.063053
50.766575
53.163800
60.874106
52.578731
55.295721
63.616858
49.113737
53.766948
53.345716
50.319355
57.003021
51.977390
54.532125
50.292689
45.159265
38.849374
45.265702
38.817510
30.599873
27.958361
22.641665
16.460358
11.509302
14.062681
3.455954
0.943452
3.410306
01.639920
5.861993
0.469140
4.921453
21.196731
22.958492
24.609296
30.513548
34.793887
39.135242
44.107541
44.374878
50.758891
45.457336
52.388001
48.734990
48.567537
62.671798
47.827217
58.108303
52.013548
52.979624
45.332367
52.761325
52.148685
56.673538
55.809832
49.720049
56.391738
51.136509
51.005213
56.338406
53.436787
48.749453
48.737928
53.797004
47.640103
50.291785
50.085011
56.141349
53.569213
50.121168
52.741212
48.648664
49.120290
52.496473
53.588421
52.217158
43.996131
47.289830
50.250882
43.631621
55.330975
51.433224
55.821131
44.877916
50.904198
44.094660
52.933975
48.091165
53.649889
56.523034
47.516265
53.425940
48.214777
46.311099
51.397293
49.631689
49.178594
48.827191
46.298218
53.502548
49.225146
52.108234
51.168598
48.029020
51.295600
56.485294
49.508529
49.348307
48.162123
44.997687
47.806879
50.956626
50.225798
48.727532
53.457351
51.401812
54.703872
51.555481
48.930917
51.578983
49.595080
55.897061
52.045411
55.862486
47.994670
53.363343
51.644970
50.809511
47.267006
54.494612
46.369176
47.925745
49.498360
47.147235
49.306500
45.912013
47.417962
46.646231
47.588805
54.608960
54.981831
47.342484
48.251613
50.660815
41.100162
45.728063
49.440960
43.850598
46.773007
46.829051
41.919802
48.253646
49.530449
53.882199
42.903279
51.943493
51.773780
42.986214
40.076912
42.723848
42.677748
45.037234
42.138327
47.458865
49.383560
50.615392
51.688132
30.934328
43.955680
56.217279
51.168824
49.150798
46.855265
50.813579
49.287518
44.671820
47.857047
51.597739
51.116396
48.929335
43.410384
46.371210
50.833466
50.343761
49.805244
50.887702
47.470390
48.904703
50.949847
40.972030
41.687491
53.182782
48.744029
51.080691
48.060431
51.438422
47.748123
45.179829
45.078363
51.023517
49.857220
51.302380
46.616401
44.328778
42.121830
43.594786
41.608849
49.532031
46.707020
43.858960
46.388159
45.026387
47.433555
48.864930
47.766880
51.572881
43.016044
46.418440
53.677007
39.031064
49.271699
49.153962
45.789982
47.618635
42.854014
39.253657
46.242174
44.888311
44.312733
46.397650
44.469565
41.471678
35.431837
36.062555
42.345327
49.786488
51.449269
43.967206
43.574673
44.998817
42.839552
46.249631
42.602270
46.135510
41.208860
49.834170
40.470574
44.295784
43.254682
46.110878
46.176639
48.224495
46.426350
45.540046
49.330228
49.322997
49.674626
46.239688
53.013747
51.747340
49.736319
47.408697
37.810305
47.955123
43.611735
36.531469
40.664016
39.032872
37.387717
38.914231
30.546315
29.553799
31.528663
27.767857
19.586604
16.826902
17.586204
21.698864
21.035379
24.984202
27.241544
33.231443
35.991370
35.086761
34.611519
35.505733
34.217405
42.336966
43.409480
41.279819
39.411619
48.131842
40.541533
39.225183
35.626182
39.983581
44.168556
43.137397
40.836892
50.080943
44.930344
42.428715
39.626755
44.865035
44.918593
37.052133
40.537239
41.569754
44.312733
40.678026
38.515823
43.241349
42.275951
38.276734
42.486115
41.835962
47.539767
42.650856
45.717668
47.011645
47.225651
46.646683
37.034958
40.174085
46.431547
39.746300
44.557698
42.250415
43.363154
39.652291
41.729072
40.990787
42.150078
42.334254
40.994628
39.041233
40.810904
39.956915
36.600620
45.103447
42.032793
33.858771
39.872172
35.321105
47.606884
42.756616
38.448481
40.661756
42.456511
37.778216
37.441953
39.773417
43.005649
39.206653
39.549469
45.062544
39.748107
44.870233
47.339320
40.227417
38.059112
48.183140
41.855623
38.638984
40.397130
44.067542
36.029335
40.437129
42.672098
40.533172
42.332220
43.209937
39.791948
36.192947
36.147298
39.264956
49.188989
38.041034
43.761561
46.542957
44.969213
44.204713
37.970075
40.175893
39.315350
43.865061
41.595290
43.814667
38.418425
44.785489
39.420206
38.536162
46.326692
39.010500
43.191633
43.095138
44.101665
44.007882
35.404267
39.787880
44.288101
40.958471
45.610326
41.795737
32.521631
39.912623
43.943703
43.155927
41.891328
42.790513
39.176823
46.182740
35.997020
37.194728
47.094807
41.594387
38.020469
34.161588
32.659480
43.933308
47.394686
40.978584
34.377627
39.376818
38.675819
44.150704
42.122056
44.209007
43.344623
39.135016
43.909354
36.723554
46.614368
35.951597
36.318141
38.710169
44.374200
42.036635
44.632273
45.144576
37.744092
43.885174
41.235752
48.139299
42.899663
45.413495
44.172850
41.577664
40.677349
45.389089
41.040503
43.772408
38.390629
44.792269
41.838222
47.264972
44.706169
38.440571
43.281122
43.633655
45.498239
43.607893
40.557578
40.216344
41.236656
43.402249
45.844444
47.269492
42.947571
37.807819
39.803925
40.306511
45.381180
39.244392
43.922009
45.201297
40.726161
36.535988
40.270354
37.840135
34.241586
37.725562
41.538795
45.953594
47.511971
38.500231
49.502427
40.853841
39.593083
44.908650
41.410889
46.458213
43.971047
41.206374
41.478909
44.903452
45.085594
46.619791
47.539315
44.390245
45.839699
43.949353
46.083308
46.348160
46.474258
48.858602
42.299905
39.592179
43.678626
45.482420
47.896368
40.693845
44.695322
43.084517
41.888164
43.827548
43.812181
45.719476
41.115981
39.982678
52.355686
39.499300
44.519733
43.907772
38.436052
43.706647
55.439446
46.033818
43.200220
53.666160
50.861939
42.217647
48.068567
51.506442
48.446410
32.574737
42.576282
42.343067
50.273254
44.310925
45.123559
50.836403
48.526182
38.730281
49.662875
56.144512
47.718971
46.848260
49.050462
44.760857
45.944781
45.634732
47.161698
40.702207
50.038006
44.861419
52.227779
47.861340
38.550399
48.787870
52.367889
49.021988
52.788442
42.336062
48.155118
49.977669
48.881879
54.108182
42.484081
51.026003
45.559028
47.586319
52.202695
57.755770
51.468025
48.418840
37.189983
48.740639
45.908623
43.968335
47.191979
45.440613
45.742074
40.082788
44.073191
48.824027
46.303415
51.556610
48.033313
56.362360
44.119518
43.653089
47.736824
44.423917
55.222729
46.238106
46.529850
47.501576
46.738432
52.557036
46.087602
54.835620
55.349731
40.524358
50.327264
49.885016
44.957010
51.186677
56.868787
51.414693
46.480812
56.033329
52.225745
47.506999
50.258792
48.445506
45.648517
52.876124
43.510946
51.793892
50.594828
51.780559
40.964799
48.958939
50.338337
52.822340
40.938133
38.445317
39.869686
48.871709
48.297713
48.998486
48.363700
41.863080
43.421231
47.502706
49.360962
47.870832
50.329750
44.951812
45.381858
45.231353
43.294681
49.116675
51.871404
42.862376
42.132677
43.002711
42.524306
34.048822
31.085284
28.252816
7.306927
20.258902
65.202127
040.576643
210.221139
297.972956
363.814163
424.819338
469.983575
503.987200
485.379780
474.111602
467.103876
439.994759
410.940607
379.842668
326.057641
278.587929
243.749975
221.739028
087.431230
084.808926
069.136796
065.815979
049.669511
045.990060
021.435225
007.900666
90.927327
72.578657
53.757005
46.577532
33.483187
24.470091
06.870743
0.385500
10.530345
8.574238
26.533992
33.677307
33.792558
36.604235
37.284217
34.698749
38.674689
44.976896
47.793546
39.417043
40.522550
41.494954
42.493346
43.378294
37.784769
42.778536
51.554125
52.051287
40.581080
43.176492
44.501655
44.071384
38.883723
47.538411
46.202853
48.192857
52.277495
48.729114
45.339373
53.947960
47.960773
51.163175
56.839861
47.815014
47.845748
54.942736
47.842584
42.772887
53.219844
44.509338
46.214152
50.232578
50.788721
52.397718
51.124757
52.097839
47.771851
42.982147
45.817552
48.584033
45.820038
48.433529
48.576124
52.118404
51.490172
48.986283
54.943188
45.536430
45.472929
52.176481
42.842489
55.251429
53.019623
55.194481
46.127827
52.996799
51.270742
47.611855
51.294244
47.928005
50.937418
57.644360
54.512013
51.464861
45.874726
55.696615
53.579608
45.786593
47.567111
54.479245
45.216438
45.047855
41.025588
52.437265
53.580286
56.025194
50.806574
51.646552
47.247797
50.248170
57.129571
55.991748
61.056474
54.495742
48.463584
49.809990
54.529640
51.333340
45.215534
50.413138
53.695537
54.104114
46.527138
60.094465
50.763185
48.642111
53.937791
54.693703
52.924484
52.527432
47.558298
53.285153
52.919738
55.663169
45.619817
50.153936
47.828121
47.354687
45.954046
53.518141
42.815823
46.400362
48.167321
51.209501
55.220017
54.358119
49.471920
54.577548
51.482488
50.314835
47.992636
41.220385
51.208823
34.648129
46.447592
51.497629
37.989284
44.844923
45.368525
44.672498
53.615313
51.917279
53.994286
49.731122
49.731122
38.942027
51.193004
50.398449
48.145175
48.220653
38.739998
44.343693
46.543409
55.652548
46.727811
44.891023
51.993661
44.044492
50.814257
43.701224
52.831379
55.441706
39.377948
53.833387
51.779429
51.183287
48.933629
46.438779
54.164903
47.728237
47.690949
44.300982
49.359832
46.599905
49.111929
46.763742
43.027569
42.516170
49.318025
46.881931
42.167253
44.689672
52.573759
45.324910
52.287665
50.350089
47.400336
45.273386
47.231075
49.067862
41.495180
48.245963
46.930291
47.101360
48.769565
47.946988
57.254088
51.573785
45.850998
51.549379
50.445227
55.872203
53.691018
49.310794
52.436813
39.881889
49.155996
47.870380
50.192353
41.649300
49.798239
49.755980
44.936446
48.106758
55.122844
49.115771
53.091937
51.273454
48.986057
50.555959
43.390723
52.946630
54.653930
38.930276
56.903815
59.098559
56.059769
52.527432
54.045359
57.196462
52.426192
51.186451
45.350898
52.522687
49.596436
49.982641
53.415545
55.817741
48.448218
48.422456
55.521478
55.970732
48.046646
55.516506
51.391417
47.937045
52.672739
56.306542
50.794371
49.575194
51.495143
52.763584
49.417232
57.552837
49.139499
52.318624
57.310357
50.636409
45.865687
46.621147
55.060247
61.264830
56.398065
47.399658
56.337050
49.671462
52.622571
51.302380
55.309732
55.215949
52.193656
56.258408
49.056789
56.394449
54.987029
53.625257
55.423175
55.051886
54.125131
55.772319
58.056101
50.399353
52.978720
55.076970
59.324542
59.198895
48.071052
53.673165
57.107877
57.683003
48.709454
56.641223
50.765219
49.031705
44.402448
42.490408
62.112717
56.352643
55.542268
46.550188
59.212454
60.446320
54.940702
55.935478
48.651828
53.490797
54.457325
48.096362
51.736945
50.373365
48.281894
53.217132
42.396173
53.122445
51.488364
53.604692
51.462150
53.107982
51.567910
58.200730
46.718998
52.535568
48.585389
49.934958
43.944155
47.797387
53.984343
54.513595
52.380770
53.000640
50.952107
43.536708
48.092747
47.397172
53.898244
53.311367
53.190240
43.193893
48.418162
53.590681
50.893803
53.023917
57.560294
60.636598
49.081421
53.175777
49.584911
53.229335
56.402585
52.089478
50.430764
58.194628
57.142226
50.647256
65.339073
52.028011
58.153273
55.640345
46.446236
52.318398
52.934427
58.844102
56.189935
43.340329
48.163253
46.323302
58.370669
43.562470
54.967368
51.640676
43.529477
53.807625
51.322492
49.852474
56.210047
58.000509
60.002716
47.520332
59.416969
54.902737
51.364299
45.178925
51.034138
50.615166
54.284674
49.224694
49.158707
50.604771
48.694087
51.839089
49.903321
52.152527
56.103384
49.750782
55.765991
52.077049
45.278809
48.440534
50.642510
48.020432
56.721672
48.099074
50.218793
61.270931
49.137465
55.522608
51.856490
46.501150
45.731453
58.361855
47.578636
51.331758
48.168677
50.021284
51.920895
51.164530
48.124610
51.094476
40.759154
50.749626
56.366879
53.232273
44.595212
50.108061
48.849111
51.186225
56.386540
43.816249
50.001849
42.239115
45.006274
42.809044
47.291638
48.878941
50.811997
48.607309
41.720033
43.637271
41.148749
46.273360
41.800257
40.438485
38.775930
45.352254
43.426429
45.670664
48.130486
44.745490
36.006285
46.049185
49.725698
49.735867
49.534291
45.574847
44.910684
47.757840
40.207304
45.707047
42.673680
46.271326
39.525740
42.086577
30.862465
38.274926
40.254083
28.147960
38.555144
43.571962
39.970474
37.604209
41.224453
41.701050
38.073349
37.048969
42.506679
41.601618
41.662181
41.852685
32.122997
41.752349
36.676776
37.664546
37.390203
33.867584
35.557935
40.389221
37.322860
27.593851
38.068152
34.873433
37.372577
27.788422
28.763086
31.825830
34.622366
28.653710
30.017516
30.770716
28.169655
29.522614
26.479982
16.419229
21.354467
13.182704
16.125678
0.531285
04.250021
33.748717
64.862475
020.521125
227.142502
405.850798
710.012743
0103.663410
0583.002445
0960.076598
2205.189023
2265.821327
2210.220755
2078.168634
0930.058856
0750.270815
0600.889884
0418.534001
0277.891145
0096.593991
942.407763
775.153630
663.801077
520.961669
420.134942
323.782221
235.293700
071.299903
015.446456
75.174295
56.347219
39.426760
30.375698
32.814730
25.469387
07.597955
07.919755
02.410973
6.539037
02.134144
7.147157
2.502985
8.001372
01.758335
0.420780
2.413270
1.588659
3.562618
0.881107
00.528763
00.090356
09.664342
43.482698
68.640907
020.970379
057.877883
077.444374
203.673967
096.000044
093.555815
077.280084
055.333543
034.290028
016.162595
002.922266
89.296861
78.040660
69.774437
53.258261
33.648381
28.227958
06.259685
01.012592
5.811373
1.321547
9.870023
15.373833
16.296295
17.816481
18.893289
10.829094
17.737387
15.657893
19.187518
14.066071
18.159071
25.664184
28.103668
11.084906
18.539851
14.037597
22.909906
16.409060
19.474516
16.942379
18.451266
27.118383
23.032615
16.560920
18.929898
18.124721
19.462991
8.286788
9.103489
6.069897
11.594723
11.866581
14.145617
16.899217
11.905224
4.768688
3.362623
14.875089
11.740708
14.028558
10.855760
16.303978
9.929456
7.888380
19.170795
8.483393
11.579809
14.989210
10.807173
9.478847
11.533934
9.984596
6.669203
11.182305
13.540661
16.887692
10.685143
15.494282
18.115230
16.452449
7.390540
11.648055
15.904893
11.397666
7.755502
6.645475
0.295359
8.156170
7.708498
13.926865
10.209675
8.213343
4.265651
3.445107
0.463039
3.124212
0.268016
1.841759
7.157552
7.309638
3.054609
6.405481
6.208198
6.418136
2.230450
0.636141
0.613543
9.640199
01.117674
0.105534
0.286746
6.512371
3.665440
5.279635
0.737382
4.301356
2.071584
3.054157
6.758014
5.876908
5.525956
6.988969
4.719876
2.710663
9.502349
3.585894
2.909754
7.227833
00.488538
5.692506
00.707515
05.250672
0.919524
2.954725
2.962408
7.024900
7.181506
8.133345
6.375878
8.433903
6.210006
02.358771
09.235200
8.907562
8.053122
07.893993
08.692164
02.279451
03.172987
04.607074
03.271289
01.554272
8.857394
9.536020
00.061656
04.911924
07.583040
9.332862
6.241644
4.134355
08.202233
05.406375
09.173055
08.106869
04.068557
02.419334
08.802217
20.842616
20.182068
9.387098
24.868725
08.216244
08.328332
03.949464
04.930455
07.490388
00.415771
20.744765
08.376240
06.429625
21.368478
25.738532
08.373980
02.489841
34.428473
20.565335
21.342264
09.474516
07.279546
24.638448
08.438611
07.477055
07.224858
04.247535
06.698092
27.352727
22.036483
32.778799
26.605628
27.374647
29.936388
27.194539
25.168604
22.796011
22.118514
24.655623
23.789883
21.495706
23.562092
30.043956
34.831401
28.652806
36.388648
28.599022
27.130586
32.922072
33.663296
28.221405
27.970338
34.970154
31.389457
38.344077
22.632399
33.096983
34.264410
34.992752
34.856937
27.639499
26.504840
31.696342
38.501361
36.674742
33.694481
28.097340
39.977254
38.823838
35.481327
45.724447
31.695890
34.294691
42.193467
41.053610
44.973507
45.907945
34.550278
40.745369
30.779756
41.753704
37.478563
36.221194
42.576508
46.903174
47.280791
45.728967
42.005675
41.006605
38.127359
49.010689
49.893377
45.768740
51.740334
44.202228
45.420049
62.356778
46.106358
52.118404
53.430460
42.645884
46.080596
48.726176
55.802375
47.522140
53.204251
54.589073
60.619423
48.009133
53.070243
56.184511
51.224868
56.305638
53.946604
50.949395
54.073606
55.036293
54.934827
42.002737
55.540461
59.351434
63.322855
56.448459
61.310704
64.453447
62.615077
58.594618
59.724305
67.013153
71.247392
72.365781
67.556642
63.475393
75.036219
68.811976
58.122992
64.471751
63.055517
60.858965
68.002506
68.801581
75.473496
65.676917
68.054256
61.711146
62.451691
63.717195
74.047093
70.200188
61.939388
71.044686
64.350624
65.438957
80.247608
68.849489
76.793009
73.070395
66.229445
75.118703
72.365103
73.709700
67.630990
78.303026
78.531268
76.890408
74.310588
73.433549
76.403867
70.437470
71.276770
78.043824
73.221578
75.611119
80.477432
79.498249
82.869685
74.591711
73.404398
73.401234
82.138179
73.275135
69.750708
75.182656
76.737869
78.358844
77.410168
72.459790
77.899421
76.605217
77.546436
81.420232
77.220794
86.488347
88.181184
75.508749
87.040423
80.278115
79.048317
77.075713
75.445926
77.323165
88.091017
92.907162
85.022623
82.065413
81.098659
82.435799
87.750009
86.805627
84.501507
86.386881
82.198517
81.763048
86.285867
89.882382
85.275498
87.620521
87.076129
90.400787
84.113947
91.944475
91.762107
95.567431
91.868319
93.090208
93.682508
91.961198
97.184563
99.761445
93.107608
93.740134
81.629492
83.266737
88.173953
86.585294
014.434053
99.053893
99.535688
009.010241
012.839293
010.788499
009.185378
006.398558
005.691006
011.734689
022.088541
017.924809
014.290780
022.087185
027.236203
038.566074
037.773779
038.398169
