277.084571
277.177641
277.270696
277.363737
277.456764
277.549776
277.642775
277.735759
277.828729
277.921685
278.014627
278.107555
278.200468
278.293368
278.386253
278.479124
278.571981
278.664823
278.757651
278.850466
278.943266
279.036051
279.128823
279.221580
279.314323
279.407052
279.499767
279.592468
279.685154
279.777826
279.870484
279.963127
280.055757
280.148372
280.240973
280.333560
280.426132
280.518691
280.611235
280.703764
280.796280
280.888781
280.981268
281.073741
281.166200
281.258644
281.351074
281.443490
281.535892
281.628279
281.720652
281.813011
281.905355
281.997685
282.090001
282.182303
282.274590
282.366864
282.459123
282.551367
282.643597
282.735813
282.828015
282.920203
283.012376
283.104535
283.196679
283.288809
283.380925
283.473027
283.565114
283.657187
283.749246
283.841291
283.933321
284.025337
284.117338
284.209325
284.301298
284.393257
284.485201
284.577131
284.669046
284.760947
284.852834
284.944707
285.036565
285.128409
285.220238
285.312053
285.403854
285.495641
285.587413
285.679171
285.770914
285.862643
285.954358
286.046058
286.137744
286.229416
286.321073
286.412716
286.504344
286.595958
286.687558
286.779143
286.870714
286.962271
287.053813
287.145341
287.236854
287.328353
287.419838
287.511308
287.602764
287.694206
287.785633
287.877045
287.968443
288.059827
288.151197
288.242552
288.333892
288.425218
288.516530
288.607827
288.699110
288.790379
288.881633
288.972872
289.064098
289.155308
289.246505
289.337686
289.428854
289.520007
289.611145
289.702269
289.793379
289.884474
289.975555
290.066621
290.157673
290.248710
290.339733
290.430742
290.521736
290.612715
290.703680
290.794631
290.885567
290.976488
291.067395
291.158288
291.249166
291.340030
291.430879
291.521713
291.612534
291.703339
291.794131
291.884907
291.975669
292.066417
292.157150
292.247869
292.338573
292.429263
292.519938
292.610598
292.701244
292.791876
292.882493
292.973096
293.063684
293.154257
293.244816
293.335360
293.425890
293.516406
293.606906
293.697393
293.787864
293.878321
293.968764
294.059192
294.149606
294.240004
294.330389
294.420759
294.511114
294.601455
294.691781
294.782092
294.872389
294.962672
295.052940
295.143193
295.233432
295.323656
295.413865
295.504060
295.594240
295.684406
295.774557
295.864694
295.954816
296.044923
296.135016
296.225094
296.315158
296.405207
296.495241
296.585261
296.675266
296.765257
296.855233
296.945194
297.035140
297.125073
297.214990
297.304893
297.394781
297.484654
297.574513
297.664358
297.754187
297.844002
297.933802
298.023588
298.113359
298.203116
298.292857
298.382584
298.472297
298.561995
298.651678
298.741346
298.831000
298.920639
299.010264
299.099873
299.189468
299.279049
299.368615
299.458166
299.547702
299.637224
299.726731
299.816223
299.905701
299.995164
300.084612
300.174046
300.263464
300.352869
300.442258
300.531633
300.620993
300.710338
300.799669
300.888985
300.978286
301.067572
301.156844
301.246101
301.335343
301.424571
301.513784
301.602982
301.692165
301.781334
301.870488
301.959627
302.048752
302.137861
302.226956
302.316036
302.405102
302.494152
302.583188
302.672210
302.761216
302.850208
302.939185
303.028147
303.117094
303.206027
303.294945
303.383848
303.472736
303.561609
303.650468
303.739312
303.828141
303.916956
304.005755
304.094540
304.183310
304.272065
304.360806
304.449531
304.538242
304.626938
304.715619
304.804285
304.892937
304.981574
305.070196
305.158803
305.247395
305.335973
305.424535
305.513083
305.601616
305.690134
305.778638
305.867126
305.955600
306.044059
306.132503
306.220932
306.309346
306.397746
306.486130
306.574500
306.662855
306.751195
306.839520
306.927831
307.016126
307.104407
307.192673
307.280923
307.369159
307.457381
307.545587
307.633778
307.721955
307.810116
307.898263
307.986395
308.074512
308.162614
308.250701
308.338774
308.426831
308.514874
308.602901
308.690914
308.778912
308.866895
308.954863
309.042816
309.130754
309.218677
309.306585
309.394479
309.482357
309.570221
309.658070
309.745903
309.833722
309.921526
310.009315
310.097089
310.184848
310.272592
310.360321
310.448035
310.535735
310.623419
310.711088
310.798743
310.886382
310.974007
311.061616
311.149211
311.236790
311.324355
311.411905
311.499439
311.586959
311.674464
311.761954
311.849428
311.936888
312.024333
312.111763
312.199178
312.286578
312.373963
312.461332
312.548687
312.636027
312.723352
312.810662
312.897957
312.985237
313.072502
313.159751
313.246986
313.334206
313.421411
313.508601
313.595775
313.682935
313.770080
313.857210
313.944324
314.031424
314.118508
314.205578
314.292632
314.379672
314.466696
314.553706
314.640700
314.727679
314.814644
314.901593
314.988527
315.075446
315.162350
315.249239
315.336113
315.422971
315.509815
315.596644
315.683457
315.770256
315.857039
315.943808
316.030561
316.117299
316.204022
316.290730
316.377423
316.464101
316.550764
316.637411
316.724044
316.810661
316.897264
316.983851
317.070423
317.156980
317.243522
317.330049
317.416560
317.503057
317.589538
317.676005
317.762456
317.848892
317.935313
318.021719
318.108109
318.194485
318.280845
318.367190
318.453520
318.539835
318.626135
318.712420
318.798689
318.884944
318.971183
319.057407
319.143616
319.229810
319.315988
319.402151
319.488300
319.574433
319.660551
319.746653
319.832741
319.918813
320.004870
320.090912
320.176939
320.262951
320.348947
320.434928
320.520894
320.606845
320.692781
320.778701
320.864607
320.950497
321.036371
321.122231
321.208076
321.293905
321.379719
321.465517
321.551301
321.637069
321.722822
321.808560
321.894283
321.979990
322.065683
322.151360
322.237021
322.322668
322.408299
322.493915
322.579516
322.665101
322.750671
322.836226
322.921766
323.007291
323.092800
323.178294
323.263773
323.349236
323.434684
323.520117
323.605535
323.690937
323.776324
323.861696
323.947053
324.032394
324.117720
324.203030
324.288326
324.373606
324.458871
324.544120
324.629354
324.714573
324.799777
324.884965
324.970138
325.055296
325.140438
325.225566
325.310677
325.395774
325.480855
325.565921
325.650971
325.736006
325.821026
325.906031
325.991020
326.075994
326.160952
326.245896
326.330823
326.415736
326.500633
326.585515
326.670381
326.755232
326.840068
326.924889
327.009694
327.094483
327.179258
327.264017
327.348760
327.433488
327.518201
327.602899
327.687581
327.772248
327.856899
327.941535
328.026156
328.110761
328.195351
328.279925
328.364484
328.449028
328.533556
328.618069
328.702566
328.787049
328.871515
328.955966
329.040402
329.124823
329.209228
329.293617
329.377992
329.462350
329.546694
329.631022
329.715334
329.799631
329.883913
329.968179
330.052430
330.136665
330.220885
330.305090
330.389279
330.473452
330.557610
330.641753
330.725880
330.809992
330.894088
330.978169
331.062235
331.146285
331.230319
331.314338
331.398342
331.482330
331.566302
331.650260
331.734201
331.818127
331.902038
331.985933
332.069813
332.153677
332.237526
332.321359
332.405177
332.488979
332.572766
332.656538
332.740293
332.824034
332.907758
332.991468
333.075161
333.158840
333.242502
333.326150
333.409781
333.493397
333.576998
333.660583
333.744153
333.827707
333.911245
333.994768
334.078276
334.161768
334.245244
334.328705
334.412150
334.495580
334.578994
334.662393
334.745776
334.829143
334.912495
334.995832
335.079153
335.162458
335.245748
335.329022
335.412280
335.495523
335.578751
335.661963
335.745159
335.828340
335.911505
335.994654
336.077788
336.160906
336.244009
336.327096
336.410168
336.493224
336.576264
336.659289
336.742298
336.825292
336.908270
336.991232
337.074179
337.157110
337.240025
337.322925
337.405809
337.488678
337.571531
337.654368
337.737190
337.819996
337.902787
337.985561
338.068321
338.151064
338.233792
338.316504
338.399201
338.481882
338.564547
338.647197
338.729831
338.812449
338.895052
338.977639
339.060210
339.142766
339.225306
339.307830
339.390339
339.472832
339.555309
339.637771
339.720217
339.802647
339.885062
339.967460
340.049844
340.132211
340.214563
340.296899
340.379220
340.461524
340.543813
340.626087
340.708344
340.790586
340.872812
340.955023
341.037217
341.119396
341.201560
341.283707
341.365839
341.447955
341.530056
341.612140
341.694209
341.776262
341.858300
341.940322
342.022328
342.104318
342.186292
342.268251
342.350194
342.432121
342.514033
342.595928
342.677808
342.759673
342.841521
342.923354
343.005171
343.086972
343.168757
343.250527
343.332281
343.414019
343.495741
343.577447
343.659138
343.740813
343.822472
343.904115
343.985743
344.067355
344.148950
344.230531
344.312095
344.393643
344.475176
344.556693
344.638194
344.719679
344.801149
344.882603
344.964040
345.045462
345.126869
345.208259
345.289633
345.370992
345.452335
345.533662
345.614973
345.696269
345.777548
345.858812
345.940060
346.021292
346.102508
346.183708
346.264892
346.346061
346.427214
346.508351
346.589472
346.670577
346.751666
346.832739
346.913797
346.994839
347.075864
347.156874
347.237868
347.318846
347.399809
347.480755
347.561686
347.642600
347.723499
347.804382
347.885249
347.966100
348.046935
348.127754
348.208557
348.289345
348.370116
348.450872
348.531611
348.612335
348.693043
348.773735
348.854411
348.935071
349.015715
349.096343
349.176955
349.257552
349.338132
349.418697
349.499245
349.579778
349.660294
349.740795
349.821280
349.901749
349.982201
350.062638
350.143059
350.223464
350.303853
350.384226
350.464583
350.544925
350.625250
350.705559
350.785852
350.866129
350.946391
351.026636
351.106865
351.187079
351.267276
351.347457
351.427623
351.507772
351.587905
351.668023
351.748124
351.828209
351.908279
351.988332
352.068369
352.148391
352.228396
352.308385
352.388359
352.468316
352.548257
352.628182
352.708092
352.787985
352.867862
352.947723
353.027568
353.107397
353.187210
353.267007
353.346788
353.426553
353.506302
353.586035
353.665751
353.745452
353.825137
353.904805
353.984458
354.064094
354.143714
354.223319
354.302907
354.382479
354.462035
354.541575
354.621099
354.700607
354.780099
354.859575
354.939034
355.018478
355.097905
355.177317
355.256712
355.336091
355.415454
355.494801
355.574132
355.653447
355.732746
355.812028
355.891295
355.970545
356.049779
356.128997
356.208199
356.287385
356.366555
356.445708
356.524846
356.603967
356.683072
356.762162
356.841234
356.920291
356.999332
357.078356
357.157365
357.236357
357.315333
357.394293
357.473237
357.552165
357.631076
357.709971
357.788850
357.867713
357.946560
358.025391
358.104205
358.183004
358.261786
358.340552
358.419302
358.498035
358.576753
358.655454
358.734139
358.812808
358.891460
358.970097
359.048717
359.127321
359.205909
359.284481
359.363036
359.441575
359.520098
359.598605
359.677096
359.755570
359.834028
359.912470
359.990896
360.069306
360.147699
360.226076
360.304437
360.382781
360.461110
360.539422
360.617718
360.695997
360.774261
360.852508
360.930739
361.008953
361.087152
361.165334
361.243500
361.321650
361.399783
361.477900
361.556001
361.634085
361.712154
361.790206
361.868242
361.946261
362.024264
362.102251
362.180222
362.258176
362.336114
362.414036
362.491942
362.569831
362.647704
362.725560
362.803401
362.881225
362.959032
363.036824
363.114599
363.192358
363.270100
363.347826
363.425536
363.503230
363.580907
363.658568
363.736212
363.813841
363.891452
363.969048
364.046627
364.124190
364.201737
364.279267
364.356781
364.434278
364.511760
364.589224
364.666673
364.744105
364.821521
364.898920
364.976303
365.053670
365.131020
365.208354
365.285672
365.362973
365.440258
365.517526
365.594779
365.672014
365.749234
365.826437
365.903623
365.980793
366.057947
366.135085
366.212206
366.289310
366.366399
366.443470
366.520526
366.597565
366.674587
366.751594
366.828584
366.905557
366.982514
367.059454
367.136379
367.213286
367.290178
367.367052
367.443911
367.520753
367.597578
367.674388
367.751180
367.827957
367.904716
367.981460
368.058187
368.134897
368.211591
368.288269
368.364930
368.441575
368.518203
368.594815
368.671410
368.747989
368.824551
368.901097
368.977627
369.054140
369.130636
369.207116
369.283580
369.360027
369.436457
369.512871
369.589269
369.665650
369.742015
369.818363
369.894694
369.971009
370.047308
370.123590
370.199856
370.276105
370.352337
370.428554
370.504753
370.580936
370.657103
370.733253
370.809386
370.885503
370.961604
371.037688
371.113755
371.189806
371.265840
371.341858
371.417859
371.493844
371.569812
371.645764
371.721699
371.797617
371.873519
371.949405
372.025273
372.101126
372.176961
372.252781
372.328583
372.404369
372.480139
372.555892
372.631628
372.707348
372.783051
372.858737
372.934407
373.010061
373.085698
373.161318
373.236922
373.312509
373.388079
373.463633
373.539170
373.614691
373.690195
373.765683
373.841153
373.916608
373.992045
374.067466
374.142871
374.218259
374.293630
374.368984
374.444322
374.519643
374.594948
374.670236
374.745508
374.820762
374.896000
374.971222
375.046427
375.121615
375.196786
375.271941
375.347080
375.422201
375.497306
375.572394
375.647466
375.722521
375.797559
375.872581
375.947586
376.022574
376.097546
376.172501
376.247439
376.322361
376.397266
376.472154
376.547025
376.621880
376.696718
376.771540
376.846345
376.921133
376.995904
377.070659
377.145397
377.220118
377.294823
377.369511
377.444182
377.518836
377.593474
377.668095
377.742699
377.817287
377.891858
377.966412
378.040949
378.115470
378.189974
378.264461
378.338932
378.413385
378.487822
378.562243
378.636646
378.711033
378.785403
378.859756
378.934093
379.008412
379.082715
379.157002
379.231271
379.305524
379.379760
379.453979
379.528181
379.602367
379.676536
379.750688
379.824823
379.898942
379.973043
380.047128
380.121196
380.195248
380.269282
380.343300
380.417301
380.491285
380.565253
380.639203
380.713137
380.787054
380.860954
380.934838
381.008704
381.082554
381.156387
381.230203
381.304002
381.377785
381.451550
381.525299
381.599031
381.672746
381.746444
381.820126
381.893790
381.967438
382.041069
382.114683
382.188280
382.261861
382.335424
382.408971
382.482501
382.556014
382.629510
382.702989
382.776451
382.849897
382.923326
382.996737
383.070132
383.143510
383.216871
383.290216
383.363543
383.436853
383.510147
383.583424
383.656684
383.729927
383.803153
383.876362
383.949554
384.022729
384.095888
384.169029
384.242154
384.315262
384.388352
384.461426
384.534483
384.607523
384.680546
384.753553
384.826542
384.899514
384.972470
385.045408
385.118330
385.191234
385.264122
385.336993
385.409847
385.482684
385.555503
385.628306
385.701092
385.773862
385.846614
385.919349
385.992067
386.064768
386.137452
386.210120
386.282770
386.355404
386.428020
386.500619
386.573202
386.645767
386.718316
386.790847
386.863362
386.935859
387.008340
387.080803
387.153250
387.225679
387.298092
387.370488
387.442866
387.515228
387.587572
387.659900
387.732210
387.804504
387.876780
387.949040
388.021282
388.093508
388.165716
388.237908
388.310082
388.382239
388.454380
388.526503
388.598609
388.670698
388.742771
388.814826
388.886864
388.958885
389.030889
389.102876
389.174846
389.246798
389.318734
389.390653
389.462554
389.534439
389.606307
389.678157
389.749990
389.821807
389.893606
389.965388
390.037153
390.108901
390.180632
390.252346
390.324043
390.395722
390.467385
390.539030
390.610658
390.682270
390.753864
390.825441
390.897001
390.968544
391.040069
391.111578
391.183070
391.254544
391.326001
391.397441
391.468864
391.540270
391.611659
391.683031
391.754385
391.825723
391.897043
391.968346
392.039632
392.110901
392.182153
392.253387
392.324605
392.395805
392.466988
392.538154
392.609303
392.680434
392.751549
392.822646
392.893726
392.964789
393.035835
393.106864
393.177875
393.248869
393.319846
393.390806
393.461749
393.532675
393.603583
393.674474
393.745348
393.816205
393.887045
393.957867
394.028672
394.099460
394.170231
394.240985
394.311721
394.382440
394.453142
394.523827
394.594495
394.665145
394.735778
394.806394
394.876993
394.947574
395.018138
395.088685
395.159215
395.229727
395.300223
395.370701
395.441162
395.511605
395.582031
395.652440
395.722832
395.793207
395.863564
395.933904
396.004227
396.074532
396.144821
396.215092
396.285345
396.355582
396.425801
396.496003
396.566187
396.636355
396.706505
396.776638
396.846753
396.916851
396.986932
397.056996
397.127042
397.197071
397.267083
397.337077
397.407054
397.477014
397.546957
397.616882
397.686790
397.756681
397.826554
397.896410
397.966248
398.036070
398.105874
398.175660
398.245430
398.315182
398.384917
398.454634
398.524334
398.594017
398.663682
398.733330
398.802961
398.872574
398.942170
399.011748
399.081310
399.150854
399.220380
399.289889
399.359381
399.428856
399.498313
399.567752
399.637175
399.706580
399.775967
399.845337
399.914690
399.984026
400.053344
400.122645
400.191928
400.261194
400.330442
400.399673
400.468887
400.538083
400.607262
400.676424
400.745568
400.814695
400.883804
400.952896
401.021970
401.091027
401.160067
401.229089
401.298094
401.367082
401.436052
401.505004
401.573939
401.642857
401.711757
401.780640
401.849505
401.918353
401.987184
402.055997
402.124792
402.193570
402.262331
402.331074
402.399800
402.468508
402.537199
402.605873
402.674528
402.743167
402.811788
402.880391
402.948977
403.017546
403.086097
403.154631
403.223147
403.291645
403.360127
403.428590
403.497036
403.565465
403.633876
403.702270
403.770646
403.839005
403.907346
403.975670
404.043976
404.112265
404.180536
404.248789
404.317026
404.385244
404.453445
404.521629
404.589795
404.657943
404.726074
404.794188
404.862284
404.930362
404.998423
405.066466
405.134492
405.202500
405.270491
405.338464
405.406420
405.474358
405.542278
405.610181
405.678066
405.745934
405.813784
405.881617
405.949432
406.017230
406.085010
406.152772
406.220517
406.288244
406.355954
406.423646
406.491320
406.558977
406.626616
406.694238
406.761842
406.829429
406.896998
406.964549
407.032083
407.099599
407.167097
407.234578
407.302041
407.369487
407.436915
407.504326
407.571718
407.639094
407.706451
407.773791
407.841114
407.908418
407.975705
408.042975
408.110227
408.177461
408.244677
408.311876
408.379057
408.446221
408.513367
408.580495
408.647606
408.714699
408.781774
408.848832
408.915872
408.982894
409.049899
409.116886
409.183855
409.250807
409.317741
409.384657
409.451556
409.518436
409.585300
409.652145
409.718973
409.785783
409.852576
409.919351
409.986108
410.052847
410.119569
410.186273
410.252959
410.319628
410.386279
410.452912
410.519527
410.586125
410.652705
410.719268
410.785812
410.852339
410.918848
410.985340
411.051813
411.118269
411.184707
411.251128
411.317531
411.383916
411.450283
411.516632
411.582964
411.649278
411.715574
411.781853
411.848114
411.914357
411.980582
412.046789
412.112979
412.179151
412.245305
412.311442
412.377560
412.443661
412.509744
412.575809
412.641857
412.707887
412.773899
412.839893
412.905869
412.971828
413.037768
413.103691
413.169597
413.235484
413.301354
413.367205
413.433039
413.498855
413.564654
413.630434
413.696197
413.761942
413.827669
413.893378
413.959070
414.024743
414.090399
414.156037
414.221657
414.287259
414.352844
414.418410
414.483959
414.549490
414.615003
414.680498
414.745976
414.811435
414.876877
414.942301
415.007706
415.073095
415.138465
415.203817
415.269152
415.334468
415.399767
415.465048
415.530311
415.595556
415.660783
415.725992
415.791184
415.856357
415.921513
415.986651
416.051771
416.116873
416.181957
416.247023
416.312071
416.377102
416.442114
416.507109
416.572086
416.637044
416.701985
416.766908
416.831813
416.896700
416.961569
417.026421
417.091254
417.156069
417.220867
417.285646
417.350408
417.415152
417.479877
417.544585
417.609275
417.673947
417.738601
417.803237
417.867855
417.932455
417.997037
418.061601
418.126147
418.190675
418.255186
418.319678
418.384152
418.448609
418.513047
418.577467
418.641870
418.706254
418.770621
418.834969
418.899300
418.963612
419.027907
419.092183
419.156442
419.220682
419.284905
419.349109
419.413296
419.477464
419.541614
419.605747
419.669861
419.733958
419.798036
419.862097
419.926139
419.990163
420.054170
420.118158
420.182128
420.246081
420.310015
420.373931
420.437829
420.501709
420.565571
420.629415
420.693241
420.757049
420.820839
420.884611
420.948364
421.012100
421.075818
421.139517
421.203199
421.266862
421.330508
421.394135
421.457744
421.521335
421.584908
421.648463
421.712000
421.775519
421.839020
421.902502
421.965967
422.029413
422.092842
422.156252
422.219644
422.283018
422.346374
422.409712
422.473032
422.536333
422.599617
422.662882
422.726130
422.789359
422.852570
422.915763
422.978938
423.042094
423.105233
423.168353
423.231456
423.294540
423.357606
423.420654
423.483683
423.546695
423.609688
423.672664
423.735621
423.798560
423.861481
423.924383
423.987268
424.050134
424.112983
424.175813
424.238624
424.301418
424.364194
424.426951
424.489690
424.552411
424.615114
424.677799
424.740465
424.803113
424.865743
424.928355
424.990949
425.053525
425.116082
425.178621
425.241142
425.303645
425.366129
425.428595
425.491043
425.553473
425.615885
425.678278
425.740653
425.803010
425.865349
425.927670
425.989972
426.052256
426.114522
426.176770
426.238999
426.301210
426.363403
426.425578
426.487734
426.549872
426.611992
426.674094
426.736177
426.798242
426.860289
426.922318
426.984328
427.046320
427.108294
427.170250
427.232187
427.294106
427.356007
427.417889
427.479754
427.541600
427.603427
427.665237
427.727028
427.788800
427.850555
427.912291
427.974009
428.035709
428.097390
428.159053
428.220698
428.282324
428.343932
428.405522
428.467093
428.528646
428.590181
428.651698
428.713196
428.774676
428.836137
428.897580
428.959005
429.020412
429.081800
429.143170
429.204521
429.265855
429.327169
429.388466
429.449744
429.511004
429.572245
429.633468
429.694673
429.755860
429.817028
429.878177
429.939309
430.000421
430.061516
430.122592
430.183650
430.244689
430.305710
430.366713
430.427697
430.488663
430.549611
430.610540
430.671451
430.732343
430.793217
430.854073
430.914910
430.975729
431.036529
431.097311
431.158074
431.218820
431.279546
431.340255
431.400945
431.461616
431.522269
431.582904
431.643520
431.704118
431.764697
431.825258
431.885800
431.946325
432.006830
432.067317
432.127786
432.188236
432.248668
432.309082
432.369477
432.429853
432.490211
432.550551
432.610872
432.671174
432.731459
432.791724
432.851972
432.912200
432.972411
433.032603
433.092776
433.152931
433.213067
433.273185
433.333285
433.393366
433.453428
433.513472
433.573498
433.633505
433.693493
433.753463
433.813415
433.873348
433.933262
433.993158
434.053035
434.112894
434.172735
434.232557
434.292360
434.352145
434.411911
434.471659
434.531389
434.591099
434.650792
434.710465
434.770121
434.829757
434.889375
